23.980815887451172
23.980815887451172
23.980815887451172
23.980815887451172
3.2393910884857178
3.2393910884857178
3.2393910884857178
3.2393910884857178
3.2393910884857178
3.2393910884857178
3.2393910884857178
3.2393910884857178
3.2393910884857178
3.2393910884857178
42.91845703125
42.91845703125
42.91845703125
42.91845703125
42.91845703125
42.91845703125
42.91845703125
42.91845703125
42.91845703125
42.91845703125
46.082950592041016
46.082950592041016
46.082950592041016
46.082950592041016
46.082950592041016
46.082950592041016
46.082950592041016
46.082950592041016
46.082950592041016
46.082950592041016
45.24886703491211
45.24886703491211
45.24886703491211
45.24886703491211
45.24886703491211
45.24886703491211
45.24886703491211
45.24886703491211
45.24886703491211
45.24886703491211
46.511627197265625
46.511627197265625
46.511627197265625
46.511627197265625
46.511627197265625
46.511627197265625
46.511627197265625
46.511627197265625
46.511627197265625
46.511627197265625
44.843048095703125
44.843048095703125
44.843048095703125
44.843048095703125
44.843048095703125
44.843048095703125
44.843048095703125
44.843048095703125
44.843048095703125
44.843048095703125
44.05286407470703
44.05286407470703
44.05286407470703
44.05286407470703
44.05286407470703
44.05286407470703
44.05286407470703
44.05286407470703
44.05286407470703
44.05286407470703
46.511627197265625
46.511627197265625
46.511627197265625
46.511627197265625
46.511627197265625
46.511627197265625
46.511627197265625
46.511627197265625
46.511627197265625
46.511627197265625
45.66210174560547
45.66210174560547
45.66210174560547
45.66210174560547
45.66210174560547
45.66210174560547
45.66210174560547
45.66210174560547
45.66210174560547
45.66210174560547
44.24778747558594
44.24778747558594
44.24778747558594
44.24778747558594
44.24778747558594
44.24778747558594
44.24778747558594
44.24778747558594
44.24778747558594
44.24778747558594
46.082950592041016
46.082950592041016
46.082950592041016
46.082950592041016
46.082950592041016
46.082950592041016
46.082950592041016
46.082950592041016
46.082950592041016
46.082950592041016
46.296295166015625
46.296295166015625
46.296295166015625
46.296295166015625
46.296295166015625
46.296295166015625
46.296295166015625
46.296295166015625
46.296295166015625
46.296295166015625
46.728973388671875
46.728973388671875
46.728973388671875
46.728973388671875
46.728973388671875
46.728973388671875
46.728973388671875
46.728973388671875
46.728973388671875
46.728973388671875
45.0450439453125
45.0450439453125
45.0450439453125
45.0450439453125
45.0450439453125
45.0450439453125
45.0450439453125
45.0450439453125
45.0450439453125
45.0450439453125
45.871559143066406
45.871559143066406
45.871559143066406
45.871559143066406
45.871559143066406
45.871559143066406
45.871559143066406
45.871559143066406
45.871559143066406
45.871559143066406
46.082950592041016
46.082950592041016
46.082950592041016
46.082950592041016
46.082950592041016
46.082950592041016
46.082950592041016
46.082950592041016
46.082950592041016
46.082950592041016
46.082950592041016
46.082950592041016
46.082950592041016
46.082950592041016
46.082950592041016
46.082950592041016
46.082950592041016
46.082950592041016
46.082950592041016
46.082950592041016
44.843048095703125
44.843048095703125
44.843048095703125
44.843048095703125
44.843048095703125
44.843048095703125
44.843048095703125
44.843048095703125
44.843048095703125
44.843048095703125
45.66210174560547
45.66210174560547
45.66210174560547
45.66210174560547
45.66210174560547
45.66210174560547
45.66210174560547
45.66210174560547
45.66210174560547
45.66210174560547
46.082950592041016
46.082950592041016
46.082950592041016
46.082950592041016
46.082950592041016
46.082950592041016
46.082950592041016
46.082950592041016
46.082950592041016
46.082950592041016
45.0450439453125
45.0450439453125
45.0450439453125
45.0450439453125
45.0450439453125
45.0450439453125
45.0450439453125
45.0450439453125
45.0450439453125
45.0450439453125
45.871559143066406
45.871559143066406
45.871559143066406
45.871559143066406
45.871559143066406
45.871559143066406
45.871559143066406
45.871559143066406
45.871559143066406
45.871559143066406
46.082950592041016
46.082950592041016
46.082950592041016
46.082950592041016
46.082950592041016
46.082950592041016
46.082950592041016
46.082950592041016
46.082950592041016
46.082950592041016
46.296295166015625
46.296295166015625
46.296295166015625
46.296295166015625
46.296295166015625
46.296295166015625
46.296295166015625
46.296295166015625
46.296295166015625
46.296295166015625
46.296295166015625
46.296295166015625
46.296295166015625
46.296295166015625
46.296295166015625
46.296295166015625
46.296295166015625
46.296295166015625
46.296295166015625
46.296295166015625
45.0450439453125
45.0450439453125
45.0450439453125
45.0450439453125
45.0450439453125
45.0450439453125
45.0450439453125
45.0450439453125
45.0450439453125
45.0450439453125
46.296295166015625
46.296295166015625
46.296295166015625
46.296295166015625
46.296295166015625
46.296295166015625
46.296295166015625
46.296295166015625
46.296295166015625
46.296295166015625
46.296295166015625
46.296295166015625
46.296295166015625
46.296295166015625
46.296295166015625
46.296295166015625
46.296295166015625
46.296295166015625
46.296295166015625
46.296295166015625
46.082950592041016
46.082950592041016
46.082950592041016
46.082950592041016
46.082950592041016
46.082950592041016
46.082950592041016
46.082950592041016
46.082950592041016
46.082950592041016
46.082950592041016
46.082950592041016
46.082950592041016
46.082950592041016
46.082950592041016
46.082950592041016
46.082950592041016
46.082950592041016
46.082950592041016
46.082950592041016
46.082950592041016
46.082950592041016
46.082950592041016
46.082950592041016
46.082950592041016
46.082950592041016
46.082950592041016
46.082950592041016
46.082950592041016
46.082950592041016
45.0450439453125
45.0450439453125
45.0450439453125
45.0450439453125
45.0450439453125
45.0450439453125
45.0450439453125
45.0450439453125
45.0450439453125
45.0450439453125
45.45454406738281
45.45454406738281
45.45454406738281
45.45454406738281
45.45454406738281
45.45454406738281
45.45454406738281
45.45454406738281
45.45454406738281
45.45454406738281
45.45454406738281
45.45454406738281
45.45454406738281
45.45454406738281
45.45454406738281
45.45454406738281
45.45454406738281
45.45454406738281
45.45454406738281
45.45454406738281
45.66210174560547
45.66210174560547
45.66210174560547
45.66210174560547
45.66210174560547
45.66210174560547
45.66210174560547
45.66210174560547
45.66210174560547
45.66210174560547
45.45454406738281
45.45454406738281
45.45454406738281
45.45454406738281
45.45454406738281
45.45454406738281
45.45454406738281
45.45454406738281
45.45454406738281
45.45454406738281
45.45454406738281
45.45454406738281
45.45454406738281
45.45454406738281
45.45454406738281
45.45454406738281
45.45454406738281
45.45454406738281
45.45454406738281
45.45454406738281
46.296295166015625
46.296295166015625
46.296295166015625
46.296295166015625
46.296295166015625
46.296295166015625
46.296295166015625
46.296295166015625
46.296295166015625
46.296295166015625
46.511627197265625
46.511627197265625
46.511627197265625
46.511627197265625
46.511627197265625
46.511627197265625
46.511627197265625
46.511627197265625
46.511627197265625
46.511627197265625
46.511627197265625
46.511627197265625
46.511627197265625
46.511627197265625
46.511627197265625
46.511627197265625
46.511627197265625
46.511627197265625
46.511627197265625
46.511627197265625
45.24886703491211
45.24886703491211
45.24886703491211
45.24886703491211
45.24886703491211
45.24886703491211
45.24886703491211
45.24886703491211
45.24886703491211
45.24886703491211
45.871559143066406
45.871559143066406
45.871559143066406
45.871559143066406
45.871559143066406
45.871559143066406
